47081
76716
77008
75437
70161
70026
65275
74180
66812
77002
65591
46875
65418
65420
66692
44098
65471
7213
66528
71914
76593
76178
69399
74301
76628
65628
73579
65356
75946
75586
76127
76232
28714
75716
56893
53915
75439
75680
66260
43196
69910
73015
66546
75787
73737
73428
62343
69233
67739
75624
43114
73107
74465
55766
3447
63171
65156
47079
65730
29830
75576
74122
76475
75657
73632
75894
71888
68168
70220
42666
70222
71650
70218
74223
71657
70357
47635
71641
65469
70102
63902
59830
70000
65656
57275
75038
40202
42846
71652
77095
